%YAML:1.0
depthShift: -1.6051760959642589e+01
