%YAML:1.0
rotation: !!opencv-matrix
   rows: 3
   cols: 3
   dt: d
   data: [ 9.9994145613242513e-01, -1.0532770065604101e-02,
       2.4789236596488295e-03, 1.0533512577635568e-02,
       9.9994447992685598e-01, -2.8666458836175006e-04,
       -2.4757666574307590e-03, 3.1275957945598132e-04,
       9.9999688637560435e-01 ]
translation: !!opencv-matrix
   rows: 3
   cols: 1
   dt: d
   data: [ -5.4750498071765581e-02, -1.0702349587417047e-03,
       -2.2401718485227573e-03 ]
essential: !!opencv-matrix
   rows: 3
   cols: 3
   dt: d
   data: [ 2.6246530368949082e-05, 2.2397127477822567e-03,
       -1.0708738043728443e-03, -2.3755901578025166e-03,
       4.0718957739860420e-05, 5.4744774384282130e-02,
       4.9345724297725137e-04, -5.4758730858844563e-02,
       1.8348059752951571e-05 ]
fundamental: !!opencv-matrix
   rows: 3
   cols: 3
   dt: d
   data: [ 1.2089668303019649e-08, 1.0319974166432105e-06,
       -4.0607977191380826e-04, -1.0910628981967062e-06,
       1.8707628056050491e-08, 9.4650285416666615e-03,
       8.1160701125872366e-04, -2.7569190672094818e-02,
       9.9999999999999989e-01 ]
