%YAML:1.0
cameraMatrix: !!opencv-matrix
   rows: 3
   cols: 3
   dt: d
   data: [ 365.488, 0., 256.19, 0.,
       365.367, 215.795, 0., 0., 1. ]
distortionCoefficients: !!opencv-matrix
   rows: 1
   cols: 5
   dt: d
   data: [ 1.0666263693454349e-01, -2.4535188763553495e-01,
       -2.1219743228619312e-03, 2.6403603934595562e-05,
       5.6221551159848095e-02 ]
rotation: !!opencv-matrix
   rows: 3
   cols: 3
   dt: d
   data: [ 1., 0., 0., 0., 1., 0., 0., 0., 1. ]
projection: !!opencv-matrix
   rows: 4
   cols: 4
   dt: d
   data: [ 365.488, 0., 256.19, 0., 0.,
       365.367, 215.795, 0., 0., 0., 1.,
       0., 0., 0., 0., 1. ]
